3,2
3,1
3,3
10,118
10,164
10,266
10,176
10,102
10,12
10,206
10,92
11,13
11,29
11,10
11,28
9,4
9,6
8,18
8,17
8,13
8,5
8,2
8,3
2,2
2,1
2,3
60,4
60,3
60,2
60,1
60,0
58,3
58,2
58,1
58,0
57,4
57,3
57,2
57,1
57,0
56,4
56,3
56,2
56,1
56,0
55,4
55,3
55,2
55,1
55,0
50,4
50,3
50,2
50,1
50,0
49,4
49,3
49,2
49,1
49,0
47,5
47,4
47,3
47,2
47,1
47,0
44,5
44,4
44,3
44,2
44,1
44,0
20,3
20,2
20,1
19,3
19,2
19,1
18,3
18,1
14,5
14,4
14,3
14,2
14,1
14,0
13,3
13,1
12,3
12,2
12,1
11,27
11,24
11,23
11,21
11,20
11,19
11,17
11,16
11,15
11,11
11,8
11,7
11,3
11,2
11,1
10,311
10,307
10,305
10,297
10,243
10,199
10,197
10,169
10,165
